PyGraphviz and pydot not found;
drawing with spring layout;
will be slow.
1 [200, 150, 100]
2 [200, 150, 100]
3 [200, 150, 100]
4 [200, 150, 100]
5 [200, 145, 90]
6 [400, 290, 180]
7 [400, 290, 180]
8 [400, 290, 180]
9 [400, 290, 180]
10 [393, 270, 144]
11 [786, 540, 288]
12 [786, 540, 288]
13 [786, 540, 288]
14 [786, 540, 288]
15 [662, 424, 212]
16 [662, 848, 424]
17 [662, 848, 424]
18 [662, 848, 424]
19 [662, 848, 424]
20 [508, 507, 339]
21 [508, 507, 678]
^CTraceback (most recent call last):
  File "bact_mov.py", line 752, in <module>
    main()
  File "bact_mov.py", line 237, in main
    time.sleep(0.25)
KeyboardInterrupt
apremrenu@Aishwaryas-MBP:~/Private/Fall 2017/18-755$ python bact_mov.py
PyGraphviz and pydot not found;
drawing with spring layout;
will be slow.
1 [100, 100, 100]
2 [100, 100, 100]
3 [100, 100, 100]
4 [100, 100, 100]
5 [99, 96, 98]
6 [198, 192, 196]
7 [198, 192, 196]
8 [198, 192, 196]
9 [198, 192, 196]
10 [173, 125, 150]
11 [346, 250, 300]
12 [346, 250, 300]
13 [346, 250, 300]
14 [346, 250, 300]
15 [304, 194, 278]
16 [608, 388, 556]
17 [608, 388, 556]
18 [608, 388, 556]
19 [608, 388, 556]
20 [608, 388, 556]
21 [608, 776, 556]
